# Single SKU Max Power Table (unit is 1 dBm)
# 2.4G Channel CCK    OFDM        VHT20          VHT40          TxStreamCapability_Delta   TxSpatialStream_Delta
Band: 2.4G CCK_1M CCK_2M CCK_5.5M CCK_11M OFDM_6M OFDM_9M OFDM_12M OFDM_18M OFDM_24M OFDM_36M OFDM_48M OFDM_54M VHT20_MCS0 VHT20_MCS1 VHT20_MCS2 VHT20_MCS3 VHT20_MCS4 VHT20_MCS5 VHT20_MCS6 VHT20_MCS7 VHT20_MCS8 VHT20_MCS9 VHT40_MCS0 VHT40_MCS1 VHT40_MCS2 VHT40_MCS3 VHT40_MCS4 VHT40_MCS5 VHT40_MCS6 VHT40_MCS7 VHT40_MCS8 VHT40_MCS9 Txstream_3T Txstream_2T Txstream_1T Txstream_1SS Txstream_2SS Txstream_3SS Txstream_4SS
Ch1 10  10  10  10  10  10 10 10 10  10  10  10 10 10 10 10  10  10  10 10 10 1 3 6 6 3 1 0
Ch2 10  10  10  10  10  10 10 10 10  10  10  10 10 10 10 10  10  10  10 10 10 1 3 6 6 3 1 0
Ch3 10  10  10  10  10  10 10 10 10  10  10  10 10 10 10 10  10  10  10 10 10 1 3 6 6 3 1 0
Ch4 10  10  10  10  10  10 10 10 10  10  10  10 10 10 10 10  10  10  10 10 10 1 3 6 6 3 1 0
Ch5 10  10  10  10  10  10 10 10 10  10  10  10 10 10 10 10  10  10  10 10 10 1 3 6 6 3 1 0
Ch6 10  10  10  10  10  10 10 10 10  10  10  10 10 10 10 10  10  10  10 10 10 1 3 6 6 3 1 0
Ch7 10  10  10  10  10  10 10 10 10  10  10  10 10 10 10 10  10  10  10 10 10 1 3 6 6 3 1 0
Ch8 10  10  10  10  10  10 10 10 10  10  10  10 10 10 10 10  10  10  10 10 10 1 3 6 6 3 1 0
Ch9 10  10  10  10  10  10 10 10 10  10  10  10 10 10 10 10  10  10  10 10 10 1 3 6 6 3 1 0
Ch10 10  10  10  10  10  10 10 10 10  10  10  10 10 10 10 10  10  10  10 10 10 1 3 6 6 3 1 0
Ch11 10  10  10  10  10  10 10 10 10  10  10  10 10 10 10 10  10  10  10 10 10 1 3 6 6 3 1 0
Ch12 10  10  10  10  10  10 10 10 10  10  10  10 10 10 10 10  10  10  10 10 10 1 3 6 6 3 1 0
Ch13 10  10  10  10  10  10 10 10 10  10  10  10 10 10 10 10  10  10  10 10 10 1 3 6 6 3 1 0
Ch14 10  10  10  10  10  10 10 10 10  10  10  10 10 10 10 10  10  10  10 10 10 1 3 6 6 3 1 0

# 5G Channel OFDM        VHT20          VHT40          VHT80          VHT160          Txstream_Delta   TxSpatialStream_Delta
Band: 5G OFDM_6M OFDM_9M OFDM_12M OFDM_18M OFDM_24M OFDM_36M OFDM_48M OFDM_54M VHT20_MCS0 VHT20_MCS1 VHT20_MCS2 VHT20_MCS3 VHT20_MCS4 VHT20_MCS5 VHT20_MCS6 VHT20_MCS7 VHT20_MCS8 VHT20_MCS9 VHT40_MCS0 VHT40_MCS1 VHT40_MCS2 VHT40_MCS3 VHT40_MCS4 VHT40_MCS5 VHT40_MCS6 VHT40_MCS7 VHT40_MCS8 VHT40_MCS9 VHT80_MCS0 VHT80_MCS1 VHT80_MCS2 VHT80_MCS3 VHT80_MCS4 VHT80_MCS5 VHT80_MCS6 VHT80_MCS7 VHT80_MCS8 VHT80_MCS9 VHT160_MCS0 VHT160_MCS1 VHT160_MCS2 VHT160_MCS3 VHT160_MCS4 VHT160_MCS5 VHT160_MCS6 VHT160_MCS7 VHT160_MCS8 VHT160_MCS9 Txstream_3T Txstream_2T Txstream_1T Txstream_1SS Txstream_2SS Txstream_3SS Txstream_4SS
Ch184 10  10  10  10 10 10 10  10  10  10 10 10 10 10  10  10  10 10 10 10 10  10  10  10 10 10 10 10  10  10  10 10 10 1 3 6 6 3 1 0
Ch188 10  10  10  10 10 10 10  10  10  10 10 10 10 10  10  10  10 10 10 10 10  10  10  10 10 10 10 10  10  10  10 10 10 1 3 6 6 3 1 0
Ch192 10  10  10  10 10 10 10  10  10  10 10 10 10 10  10  10  10 10 10 10 10  10  10  10 10 10 10 10  10  10  10 10 10 1 3 6 6 3 1 0
Ch196 10  10  10  10 10 10 10  10  10  10 10 10 10 10  10  10  10 10 10 10 10  10  10  10 10 10 10 10  10  10  10 10 10 1 3 6 6 3 1 0
Ch8 10  10  10  10 10 10 10  10  10  10 10 10 10 10  10  10  10 10 10 10 10  10  10  10 10 10 10 10  10  10  10 10 10 1 3 6 6 3 1 0
Ch12 10  10  10  10 10 10 10  10  10  10 10 10 10 10  10  10  10 10 10 10 10  10  10  10 10 10 10 10  10  10  10 10 10 1 3 6 6 3 1 0
Ch16 10  10  10  10 10 10 10  10  10  10 10 10 10 10  10  10  10 10 10 10 10  10  10  10 10 10 10 10  10  10  10 10 10 1 3 6 6 3 1 0
Ch36 10  10  10  10 10 10 10  10  10  10 10 10 10 10  10  10  10 10 10 10 10  10  10  10 10 10 10 10  10  10  10 10 10 1 3 6 6 3 1 0
Ch40 10  10  10  10 10 10 10  10  10  10 10 10 10 10  10  10  10 10 10 10 10  10  10  10 10 10 10 10  10  10  10 10 10 1 3 6 6 3 1 0
Ch44 10  10  10  10 10 10 10  10  10  10 10 10 10 10  10  10  10 10 10 10 10  10  10  10 10 10 10 10  10  10  10 10 10 1 3 6 6 3 1 0
Ch48 10  10  10  10 10 10 10  10  10  10 10 10 10 10  10  10  10 10 10 10 10  10  10  10 10 10 10 10  10  10  10 10 10 1 3 6 6 3 1 0
Ch52 10  10  10  10 10 10 10  10  10  10 10 10 10 10  10  10  10 10 10 10 10  10  10  10 10 10 10 10  10  10  10 10 10 1 3 6 6 3 1 0
Ch56 10  10  10  10 10 10 10  10  10  10 10 10 10 10  10  10  10 10 10 10 10  10  10  10 10 10 10 10  10  10  10 10 10 1 3 6 6 3 1 0
Ch60 10  10  10  10 10 10 10  10  10  10 10 10 10 10  10  10  10 10 10 10 10  10  10  10 10 10 10 10  10  10  10 10 10 1 3 6 6 3 1 0
Ch64 10  10  10  10 10 10 10  10  10  10 10 10 10 10  10  10  10 10 10 10 10  10  10  10 10 10 10 10  10  10  10 10 10 1 3 6 6 3 1 0
Ch68 10  10  10  10 10 10 10  10  10  10 10 10 10 10  10  10  10 10 10 10 10  10  10  10 10 10 10 10  10  10  10 10 10 1 3 6 6 3 1 0
Ch72 10  10  10  10 10 10 10  10  10  10 10 10 10 10  10  10  10 10 10 10 10  10  10  10 10 10 10 10  10  10  10 10 10 1 3 6 6 3 1 0
Ch76 10  10  10  10 10 10 10  10  10  10 10 10 10 10  10  10  10 10 10 10 10  10  10  10 10 10 10 10  10  10  10 10 10 1 3 6 6 3 1 0
Ch80 10  10  10  10 10 10 10  10  10  10 10 10 10 10  10  10  10 10 10 10 10  10  10  10 10 10 10 10  10  10  10 10 10 1 3 6 6 3 1 0
Ch84 10  10  10  10 10 10 10  10  10  10 10 10 10 10  10  10  10 10 10 10 10  10  10  10 10 10 10 10  10  10  10 10 10 1 3 6 6 3 1 0
Ch88 10  10  10  10 10 10 10  10  10  10 10 10 10 10  10  10  10 10 10 10 10  10  10  10 10 10 10 10  10  10  10 10 10 1 3 6 6 3 1 0
Ch92 10  10  10  10 10 10 10  10  10  10 10 10 10 10  10  10  10 10 10 10 10  10  10  10 10 10 10 10  10  10  10 10 10 1 3 6 6 3 1 0
Ch96 10  10  10  10 10 10 10  10  10  10 10 10 10 10  10  10  10 10 10 10 10  10  10  10 10 10 10 10  10  10  10 10 10 1 3 6 6 3 1 0
Ch100 10  10  10  10 10 10 10  10  10  10 10 10 10 10  10  10  10 10 10 10 10  10  10  10 10 10 10 10  10  10  10 10 10 1 3 6 6 3 1 0
Ch104 10  10  10  10 10 10 10  10  10  10 10 10 10 10  10  10  10 10 10 10 10  10  10  10 10 10 10 10  10  10  10 10 10 1 3 6 6 3 1 0
Ch108 10  10  10  10 10 10 10  10  10  10 10 10 10 10  10  10  10 10 10 10 10  10  10  10 10 10 10 10  10  10  10 10 10 1 3 6 6 3 1 0
Ch112 10  10  10  10 10 10 10  10  10  10 10 10 10 10  10  10  10 10 10 10 10  10  10  10 10 10 10 10  10  10  10 10 10 1 3 6 6 3 1 0
Ch116 10  10  10  10 10 10 10  10  10  10 10 10 10 10  10  10  10 10 10 10 10  10  10  10 10 10 10 10  10  10  10 10 10 1 3 6 6 3 1 0
Ch120 10  10  10  10 10 10 10  10  10  10 10 10 10 10  10  10  10 10 10 10 10  10  10  10 10 10 10 10  10  10  10 10 10 1 3 6 6 3 1 0
Ch124 10  10  10  10 10 10 10  10  10  10 10 10 10 10  10  10  10 10 10 10 10  10  10  10 10 10 10 10  10  10  10 10 10 1 3 6 6 3 1 0
Ch128 10  10  10  10 10 10 10  10  10  10 10 10 10 10  10  10  10 10 10 10 10  10  10  10 10 10 10 10  10  10  10 10 10 1 3 6 6 3 1 0
Ch132 10  10  10  10 10 10 10  10  10  10 10 10 10 10  10  10  10 10 10 10 10  10  10  10 10 10 10 10  10  10  10 10 10 1 3 6 6 3 1 0
Ch136 10  10  10  10 10 10 10  10  10  10 10 10 10 10  10  10  10 10 10 10 10  10  10  10 10 10 10 10  10  10  10 10 10 1 3 6 6 3 1 0
Ch140 10  10  10  10 10 10 10  10  10  10 10 10 10 10  10  10  10 10 10 10 10  10  10  10 10 10 10 10  10  10  10 10 10 1 3 6 6 3 1 0
Ch144 10  10  10  10 10 10 10  10  10  10 10 10 10 10  10  10  10 10 10 10 10  10  10  10 10 10 10 10  10  10  10 10 10 1 3 6 6 3 1 0
Ch149 10  10  10  10 10 10 10  10  10  10 10 10 10 10  10  10  10 10 10 10 10  10  10  10 10 10 10 10  10  10  10 10 10 1 3 6 6 3 1 0
Ch153 10  10  10  10 10 10 10  10  10  10 10 10 10 10  10  10  10 10 10 10 10  10  10  10 10 10 10 10  10  10  10 10 10 1 3 6 6 3 1 0
Ch157 10  10  10  10 10 10 10  10  10  10 10 10 10 10  10  10  10 10 10 10 10  10  10  10 10 10 10 10  10  10  10 10 10 1 3 6 6 3 1 0
Ch161 10  10  10  10 10 10 10  10  10  10 10 10 10 10  10  10  10 10 10 10 10  10  10  10 10 10 10 10  10  10  10 10 10 1 3 6 6 3 1 0
Ch165 10  10  10  10 10 10 10  10  10  10 10 10 10 10  10  10  10 10 10 10 10  10  10  10 10 10 10 10  10  10  10 10 10 1 3 6 6 3 1 0
Ch169 10  10  10  10 10 10 10  10  10  10 10 10 10 10  10  10  10 10 10 10 10  10  10  10 10 10 10 10  10  10  10 10 10 1 3 6 6 3 1 0
Ch173 10  10  10  10 10 10 10  10  10  10 10 10 10 10  10  10  10 10 10 10 10  10  10  10 10 10 10 10  10  10  10 10 10 1 3 6 6 3 1 0
Ch177 10  10  10  10 10 10 10  10  10  10 10 10 10 10  10  10  10 10 10 10 10  10  10  10 10 10 10 10  10  10  10 10 10 1 3 6 6 3 1 0
Ch181 10  10  10  10 10 10 10  10  10  10 10 10 10 10  10  10  10 10 10 10 10  10  10  10 10 10 10 10  10  10  10 10 10 1 3 6 6 3 1 0
